"Andhra Pradesh": [(16.5062, 80.6480), (14.4426, 79.9865), (17.6868, 83.2185)], 
"Arunachal Pradesh": [(27.0844, 93.6053), (28.0634, 95.3268)], 
"Assam": [(26.1445, 91.7362), (27.4728, 94.9110), (26.7497, 94.2169)], 
"Bihar": [(25.5941, 85.1376), (26.4028, 84.5040), (24.7914, 85.0002)], 
"Chhattisgarh": [(21.2514, 81.6296), (20.7072, 81.5542)], 
"Goa": [(15.2993, 74.1240), (15.5250, 73.9850)], 
"Gujarat": [(23.0225, 72.5714), (22.3072, 73.1812), (21.1702, 72.8311)], 
"Haryana": [(28.7041, 77.1025), (29.1492, 75.7217)], 
"Himachal Pradesh": [(31.1048, 77.1734), (32.2396, 77.1887)], 
"Jharkhand": [(23.3441, 85.3096), (22.8046, 86.2029)], 
"Karnataka": [(12.9716, 77.5946), (15.3647, 75.1240), (13.3409, 77.1010)], 
"Kerala": [(8.5241, 76.9366), (9.9312, 76.2673), (11.2588, 75.7804)], 
"Madhya Pradesh": [(23.2599, 77.4126), (22.7244, 75.8737), (24.5854, 80.8322)], 
"Maharashtra": [(19.0760, 72.8777), (18.5204, 73.8567), (21.1458, 79.0882)], 
"Manipur": [(24.8170, 93.9368)], 
"Meghalaya": [(25.4670, 91.3662)], 
"Mizoram": [(23.1645, 92.9376)], 
"Nagaland": [(26.1584, 94.5624)], 
"Odisha": [(20.2961, 85.8245), (21.5000, 84.0000)], 
"Punjab": [(30.7333, 76.7794), (31.1471, 75.3412)], 
"Rajasthan": [(26.9124, 75.7873), (27.0238, 74.2179), (25.4358, 74.6417)], 
"Sikkim": [(27.5330, 88.5122)], 
"Tamil Nadu": [(13.0827, 80.2707), (11.0168, 76.9558), (9.9252, 78.1198)], 
"Telangana": [(17.3850, 78.4867), (18.1124, 79.0193)], 
"Tripura": [(23.8315, 91.2868)], 
"Uttar Pradesh": [(26.8467, 80.9462), (27.1767, 78.0081), (25.4358, 81.8463), (26.4607, 
83.7769)], 
"Uttarakhand": [(30.3165, 78.0322), (29.3919, 79.4542)], 
"West Bengal": [(22.5726, 88.3639), (26.7271, 88.3953)], 
"Andaman and Nicobar Islands": [(11.7401, 92.6586)], 
"Chandigarh": [(30.7333, 76.7794)], 
"Dadra and Nagar Haveli and Daman and Diu": [(20.3974, 72.8328)], 
"Delhi": [(28.6139, 77.2090)], 
"Jammu and Kashmir": [(34.0837, 74.7973), (33.7782, 76.5762)], 
    "Ladakh": [(34.1526, 77.5770)], 
    "Lakshadweep": [(10.5667, 72.6417)], 
    "Puducherry": [(11.9416, 79.8083)] 